extract keypoints done
finding keypoints done
image 0 -> 1
	(31.9, 173.5) -> (371.4, 192.3)
	(14.3, 204.3) -> (356.9, 223.8)
	(289.0, 23.2) -> (356.9, 223.8)
	(46.1, 50.7) -> (380.4, 73.2)
	(32.0, 166.9) -> (371.5, 185.6)
	(265.8, 500.2) -> (92.9, 443.2)
	(252.4, 72.2) -> (336.9, 84.5)
	(313.8, 175.1) -> (547.3, 371.9)
	(530.3, 175.8) -> (371.4, 192.3)
	(50.9, 123.7) -> (388.3, 141.3)
	(411.7, 367.4) -> (371.4, 192.3)


image 1 -> 2
	(380.4, 73.2) -> (71.0, 91.3)
	(353.0, 490.9) -> (342.9, 704.4)
	(547.3, 371.9) -> (31.0, 113.2)
	(92.9, 443.2) -> (71.0, 91.3)
	(394.1, 71.1) -> (45.0, 52.0)
	(394.9, 493.4) -> (150.9, 66.2)


image 2 -> 3
	(150.9, 66.2) -> (111.6, 266.0)
	(31.0, 113.2) -> (35.5, 70.0)
	(266.8, 19.8) -> (35.5, 70.0)
	(325.0, 398.2) -> (111.6, 266.0)
	(54.3, 16.9) -> (13.8, 215.2)
	(71.0, 91.3) -> (35.5, 70.0)
	(45.0, 52.0) -> (91.7, 211.2)
	(345.5, 633.9) -> (126.9, 96.1)
	(189.6, 426.4) -> (402.7, 413.3)
	(399.1, 440.1) -> (128.0, 41.5)
	(342.9, 704.4) -> (91.7, 211.2)
	(148.2, 73.7) -> (71.8, 192.7)
	(12.5, 11.1) -> (48.1, 65.1)


image 3 -> 4
	(44.9, 124.3) -> (395.0, 127.7)
	(112.9, 210.9) -> (420.7, 82.6)
	(67.0, 123.0) -> (294.7, 206.2)
	(187.3, 37.2) -> (242.4, 77.5)
	(13.8, 215.2) -> (208.8, 326.5)
	(71.0, 213.6) -> (80.6, 111.9)
	(72.1, 24.2) -> (274.5, 27.7)
	(40.4, 214.6) -> (117.8, 26.4)
	(118.1, 26.0) -> (317.7, 22.0)
	(89.0, 249.4) -> (25.6, 109.2)
	(132.1, 28.8) -> (294.7, 206.2)
	(128.0, 41.5) -> (326.8, 36.4)
	(68.2, 226.3) -> (272.7, 223.0)
	(91.7, 211.2) -> (294.7, 206.2)
	(48.1, 65.1) -> (274.5, 27.7)
	(126.9, 96.1) -> (395.0, 127.7)
	(142.4, 56.6) -> (340.8, 49.2)
	(360.5, 54.2) -> (48.0, 198.3)
	(61.1, 247.7) -> (266.7, 243.8)
	(94.1, 262.0) -> (379.1, 38.3)
	(90.6, 196.3) -> (316.0, 149.2)
	(196.3, 141.5) -> (103.5, 56.3)
	(91.3, 214.2) -> (281.3, 180.4)
	(80.0, 73.9) -> (114.0, 129.9)
	(69.3, 238.9) -> (273.8, 234.9)
	(202.3, 79.5) -> (272.5, 249.1)
	(86.8, 203.7) -> (289.6, 198.3)
	(44.8, 94.4) -> (420.7, 82.6)
	(80.9, 225.1) -> (284.5, 220.3)
	(107.6, 247.7) -> (379.1, 38.3)
	(42.5, 200.1) -> (244.0, 172.8)
	(74.2, 175.7) -> (318.9, 32.5)
	(103.1, 206.8) -> (22.7, 204.2)
	(91.8, 224.0) -> (159.0, 183.0)
	(59.7, 111.1) -> (177.1, 186.2)
	(170.2, 33.1) -> (80.6, 111.9)
	(73.8, 232.5) -> (126.9, 87.8)
	(13.8, 333.6) -> (224.7, 327.4)
	(61.0, 220.2) -> (46.6, 116.7)
	(66.4, 175.9) -> (112.4, 130.3)
	(95.4, 217.4) -> (265.6, 235.6)
	(120.0, 36.3) -> (318.9, 32.5)
	(37.9, 157.0) -> (281.3, 180.4)
	(45.6, 100.0) -> (294.7, 206.2)
	(68.3, 160.1) -> (265.6, 235.6)
	(117.4, 237.3) -> (319.8, 227.7)
	(71.8, 192.7) -> (275.8, 190.5)
	(120.0, 37.6) -> (318.9, 32.5)
	(45.4, 80.8) -> (290.0, 199.9)
	(113.4, 267.8) -> (314.8, 260.1)
	(102.6, 206.6) -> (52.3, 129.5)
	(144.1, 29.8) -> (114.0, 129.9)
	(42.2, 202.9) -> (320.7, 232.7)
	(120.2, 240.2) -> (320.7, 232.7)
	(194.2, 51.4) -> (420.7, 82.6)
	(202.4, 117.2) -> (112.4, 130.3)
	(35.5, 70.0) -> (80.6, 111.9)
	(85.3, 201.0) -> (288.2, 196.7)
	(185.2, 159.4) -> (420.7, 82.6)
	(103.5, 225.9) -> (17.1, 146.3)
	(100.2, 243.4) -> (278.5, 172.1)
	(371.3, 55.6) -> (261.8, 71.0)
	(66.8, 157.3) -> (238.4, 56.6)
	(179.4, 68.4) -> (318.9, 32.5)
	(249.0, 22.8) -> (509.7, 95.4)
	(39.9, 66.9) -> (239.8, 76.8)
	(221.7, 100.5) -> (177.1, 186.2)
	(172.5, 58.4) -> (248.2, 104.4)
	(118.4, 240.3) -> (320.7, 232.7)
	(60.1, 239.4) -> (265.3, 234.3)
	(174.0, 43.1) -> (62.3, 27.7)
	(74.0, 194.2) -> (278.1, 191.1)
	(402.7, 413.3) -> (222.3, 212.1)
	(78.4, 201.2) -> (253.9, 70.0)
	(106.3, 25.0) -> (306.1, 23.2)
	(78.1, 183.1) -> (17.1, 146.3)
	(111.6, 266.0) -> (395.0, 127.7)
	(180.6, 52.1) -> (25.6, 109.2)
	(55.0, 226.4) -> (260.9, 223.7)
	(90.5, 310.2) -> (395.0, 127.7)
	(53.9, 211.2) -> (261.8, 71.0)
	(170.0, 61.9) -> (368.6, 50.6)
	(67.7, 112.0) -> (261.8, 71.0)
	(59.7, 236.8) -> (265.6, 235.6)
	(351.0, 67.6) -> (17.1, 146.3)
	(81.2, 82.3) -> (87.0, 120.1)
	(18.8, 102.3) -> (248.2, 104.4)
	(380.6, 62.2) -> (265.3, 234.3)
	(29.5, 494.9) -> (395.0, 127.7)
	(159.6, 267.4) -> (113.5, 26.0)
	(18.3, 103.9) -> (80.6, 111.9)


image 4 -> 5
	(313.4, 204.0) -> (104.4, 149.8)
	(117.8, 26.4) -> (304.6, 35.0)
	(48.0, 198.3) -> (241.8, 206.9)
	(270.3, 123.6) -> (313.8, 92.8)
	(69.5, 35.8) -> (428.2, 67.8)
	(222.1, 214.4) -> (408.1, 208.5)
	(80.6, 111.9) -> (227.1, 13.3)
	(275.0, 210.2) -> (438.4, 88.1)
	(222.3, 212.1) -> (512.4, 219.5)
	(113.5, 26.0) -> (506.0, 249.0)
	(17.1, 146.3) -> (464.0, 200.0)
	(272.7, 223.0) -> (461.7, 213.0)
	(295.8, 208.7) -> (486.6, 196.5)
	(294.4, 208.7) -> (485.4, 196.7)
	(329.8, 22.9) -> (467.8, 219.3)
	(326.8, 36.4) -> (230.3, 145.8)
	(273.8, 234.9) -> (118.2, 21.5)
	(222.9, 211.4) -> (408.8, 205.8)
	(76.9, 163.1) -> (219.3, 51.0)
	(49.8, 121.7) -> (374.4, 170.2)
	(317.7, 22.0) -> (165.4, 175.6)
	(294.7, 206.2) -> (454.7, 236.7)
	(509.7, 95.4) -> (519.2, 70.0)
	(14.6, 16.9) -> (461.7, 240.8)
	(274.5, 27.7) -> (123.1, 33.3)
	(72.4, 263.9) -> (262.6, 266.6)
	(266.7, 243.8) -> (454.7, 236.7)
	(293.3, 237.9) -> (428.2, 67.8)
	(114.0, 129.9) -> (36.8, 131.1)
	(395.0, 127.7) -> (301.8, 33.5)
	(309.1, 240.2) -> (198.7, 204.4)
	(395.0, 126.2) -> (280.2, 48.2)
	(22.7, 204.2) -> (221.6, 214.0)
	(250.7, 99.7) -> (438.4, 88.1)
	(291.7, 243.9) -> (364.0, 224.0)
	(126.9, 87.8) -> (313.8, 92.8)
	(394.6, 680.6) -> (301.8, 33.5)
	(284.5, 220.3) -> (225.9, 137.8)
	(149.4, 142.4) -> (92.7, 135.9)
	(320.7, 232.7) -> (514.2, 219.7)
	(208.8, 326.5) -> (270.9, 120.9)
	(277.4, 228.7) -> (211.8, 39.2)
	(87.0, 120.1) -> (276.9, 129.1)
	(219.2, 325.4) -> (406.5, 322.0)
	(48.0, 20.2) -> (364.0, 224.0)
	(420.7, 82.6) -> (488.6, 245.9)
	(25.6, 109.2) -> (464.0, 200.0)
	(260.9, 223.7) -> (118.5, 149.5)
	(188.9, 172.6) -> (376.2, 173.4)
	(289.6, 198.3) -> (479.7, 186.7)
	(112.4, 130.3) -> (374.4, 170.2)
	(47.5, 150.7) -> (482.6, 234.1)
	(306.1, 23.2) -> (142.8, 28.8)
	(288.8, 251.8) -> (167.9, 187.0)
	(367.1, 20.6) -> (219.3, 51.0)
	(290.0, 199.9) -> (479.7, 186.7)
	(288.2, 196.7) -> (479.7, 186.7)
	(340.8, 49.2) -> (536.6, 21.0)
	(314.8, 260.1) -> (437.6, 83.9)
	(298.0, 212.1) -> (51.2, 24.3)
	(75.1, 29.2) -> (142.8, 28.8)
	(71.1, 115.7) -> (263.4, 126.2)
	(224.7, 327.4) -> (411.5, 323.2)
	(318.9, 32.5) -> (142.8, 28.8)
	(242.4, 77.5) -> (428.2, 67.8)
	(248.2, 104.4) -> (184.4, 87.2)
	(379.1, 38.3) -> (459.7, 164.4)
	(328.9, 217.2) -> (453.5, 224.7)
	(53.4, 114.4) -> (166.7, 183.1)
	(367.0, 50.7) -> (430.0, 151.7)
	(300.0, 256.8) -> (75.5, 15.0)
	(304.4, 220.4) -> (72.7, 191.2)
	(253.9, 70.0) -> (392.8, 178.8)
	(167.8, 127.8) -> (266.5, 171.1)
	(562.9, 26.5) -> (374.4, 170.2)
	(298.8, 227.8) -> (142.8, 28.8)
	(153.0, 333.1) -> (538.2, 13.1)
	(177.1, 186.2) -> (116.9, 158.0)
	(261.8, 71.0) -> (263.4, 126.2)
	(62.3, 27.7) -> (118.2, 21.5)
	(368.6, 50.6) -> (36.8, 131.1)
	(25.1, 148.9) -> (335.0, 144.0)
	(154.5, 162.9) -> (194.5, 124.4)
	(245.7, 183.1) -> (211.8, 39.2)
	(303.9, 201.0) -> (194.5, 124.4)
	(242.0, 81.4) -> (89.7, 122.9)
	(265.3, 234.3) -> (454.3, 227.5)
	(265.6, 235.6) -> (454.3, 227.5)
	(341.4, 41.3) -> (194.5, 124.4)
	(278.5, 172.1) -> (119.8, 24.4)
	(278.1, 191.1) -> (175.6, 124.6)
	(103.5, 56.3) -> (108.8, 121.1)
	(12.0, 140.0) -> (345.4, 183.0)
	(60.8, 17.9) -> (484.9, 194.3)
	(159.0, 183.0) -> (345.4, 183.0)
	(244.0, 172.8) -> (165.4, 175.6)
	(152.9, 332.6) -> (538.2, 13.1)
	(10.5, 195.6) -> (453.5, 224.7)
	(266.1, 218.1) -> (454.5, 209.2)
	(303.7, 235.0) -> (494.4, 225.0)
	(308.1, 161.3) -> (219.3, 51.0)
	(272.5, 249.1) -> (461.7, 240.8)
	(281.3, 180.4) -> (184.4, 87.2)
	(319.8, 227.7) -> (454.7, 236.7)
	(76.4, 222.1) -> (238.4, 16.9)
	(206.6, 189.0) -> (266.3, 266.9)
	(65.5, 138.3) -> (194.5, 124.4)
	(239.8, 76.8) -> (467.8, 219.3)
	(15.0, 189.0) -> (142.8, 28.8)
	(189.4, 338.0) -> (375.8, 334.9)
	(22.5, 95.3) -> (63.2, 143.0)
	(42.2, 105.8) -> (464.9, 179.1)
	(302.4, 235.9) -> (494.4, 225.0)
	(281.9, 205.9) -> (461.7, 213.0)
	(238.4, 56.6) -> (171.5, 133.8)
	(91.2, 38.8) -> (150.3, 134.3)
	(46.6, 116.7) -> (376.2, 173.4)
	(275.8, 190.5) -> (142.8, 28.8)
	(252.6, 166.0) -> (167.9, 187.0)
	(24.5, 29.3) -> (219.3, 51.0)
	(375.4, 40.1) -> (364.0, 224.0)
	(52.3, 129.5) -> (245.9, 141.4)
	(316.0, 149.2) -> (482.6, 234.1)
	(292.5, 250.0) -> (76.1, 109.2)


image 5 -> 6
	(238.4, 16.9) -> (407.1, 158.8)
	(241.8, 206.9) -> (379.2, 143.0)
	(156.3, 111.9) -> (391.4, 45.0)
	(174.1, 304.9) -> (445.9, 295.9)
	(506.4, 190.5) -> (518.8, 138.5)
	(270.9, 120.9) -> (168.6, 372.9)
	(184.4, 87.2) -> (266.4, 170.6)
	(226.9, 12.1) -> (483.3, 189.9)
	(157.5, 299.4) -> (428.5, 290.5)
	(181.0, 307.6) -> (274.2, 193.5)
	(461.7, 213.0) -> (446.2, 107.8)
	(520.2, 10.8) -> (500.7, 214.8)
	(116.9, 158.0) -> (525.2, 208.2)
	(51.2, 24.3) -> (327.2, 33.0)
	(485.4, 196.7) -> (346.3, 142.4)
	(486.6, 196.5) -> (346.3, 142.4)
	(434.4, 205.5) -> (552.5, 89.9)
	(463.4, 225.7) -> (362.7, 168.9)
	(488.6, 245.9) -> (496.6, 104.5)
	(464.0, 200.0) -> (496.6, 104.5)
	(105.0, 23.9) -> (401.2, 44.2)
	(410.5, 210.7) -> (552.5, 89.9)
	(119.8, 24.4) -> (390.6, 19.6)
	(108.9, 370.2) -> (381.7, 362.6)
	(227.1, 13.3) -> (552.5, 90.0)
	(26.8, 386.8) -> (168.6, 372.9)
	(408.1, 208.5) -> (168.6, 372.9)
	(211.8, 39.2) -> (484.3, 15.3)
	(117.8, 166.1) -> (389.4, 160.7)
	(198.7, 204.4) -> (552.5, 89.9)
	(479.7, 186.7) -> (501.8, 21.5)
	(221.6, 214.0) -> (496.3, 196.4)
	(88.8, 170.4) -> (338.4, 11.9)
	(95.1, 197.4) -> (389.4, 160.7)
	(118.3, 369.4) -> (390.2, 361.6)
	(154.0, 345.1) -> (425.0, 337.8)
	(536.6, 21.0) -> (269.0, 113.6)
	(151.2, 216.3) -> (422.0, 206.2)
	(408.8, 205.8) -> (407.1, 158.8)
	(484.9, 194.3) -> (419.6, 191.5)
	(303.0, 35.6) -> (456.2, 70.6)
	(171.5, 133.8) -> (442.1, 119.5)
	(304.6, 35.0) -> (552.5, 89.9)
	(152.5, 345.4) -> (425.0, 337.8)
	(506.0, 249.0) -> (317.2, 164.7)
	(301.8, 33.5) -> (518.8, 138.5)
	(165.4, 175.6) -> (406.6, 157.3)
	(266.3, 266.9) -> (456.2, 70.6)
	(454.7, 236.7) -> (382.3, 372.9)
	(149.2, 124.1) -> (420.2, 113.5)
	(221.7, 125.2) -> (496.6, 104.5)
	(77.9, 161.9) -> (351.9, 160.9)
	(69.6, 347.4) -> (343.9, 341.3)
	(146.3, 339.7) -> (417.9, 330.4)
	(92.4, 30.8) -> (364.9, 28.9)
	(150.3, 134.3) -> (362.7, 30.5)
	(467.8, 219.3) -> (167.6, 241.0)
	(133.7, 297.5) -> (403.8, 290.6)
	(241.1, 39.2) -> (484.3, 15.3)
	(276.9, 129.1) -> (483.8, 136.3)
	(107.1, 380.7) -> (379.1, 372.9)
	(219.2, 217.9) -> (376.4, 20.9)
	(482.6, 234.1) -> (361.8, 122.1)
	(133.9, 42.0) -> (404.7, 32.9)
	(496.3, 208.0) -> (193.3, 288.7)
	(438.4, 88.1) -> (548.3, 145.6)
	(502.2, 229.3) -> (525.2, 208.2)
	(106.7, 148.7) -> (379.2, 143.0)
	(519.2, 70.0) -> (392.4, 30.1)
	(110.0, 147.9) -> (379.2, 143.0)
	(85.9, 109.2) -> (496.6, 104.5)
	(262.6, 266.6) -> (544.5, 249.2)
	(170.9, 257.3) -> (441.5, 247.2)
	(118.2, 21.5) -> (390.6, 19.6)
	(507.6, 249.7) -> (317.2, 164.7)
	(95.8, 111.6) -> (379.2, 143.0)
	(280.2, 48.2) -> (483.3, 189.9)
	(170.2, 55.3) -> (361.8, 122.1)
	(512.4, 219.5) -> (168.6, 197.0)
	(190.2, 198.0) -> (463.6, 184.8)
	(122.2, 36.3) -> (392.4, 30.1)
	(129.8, 296.7) -> (399.1, 290.1)
	(374.4, 170.2) -> (168.6, 372.9)
	(448.7, 215.8) -> (229.4, 234.9)
	(139.2, 349.8) -> (410.4, 343.3)
	(483.5, 179.4) -> (507.1, 109.1)
	(263.4, 126.2) -> (389.2, 37.2)
	(107.1, 147.6) -> (379.4, 144.8)
	(231.0, 131.9) -> (507.1, 109.1)
	(335.0, 144.0) -> (368.4, 194.5)
	(514.2, 219.7) -> (193.3, 288.7)
	(209.2, 219.4) -> (203.3, 269.7)
	(104.4, 149.8) -> (507.1, 109.1)
	(189.7, 129.2) -> (327.2, 33.0)
	(94.6, 159.7) -> (366.5, 159.9)
	(36.8, 131.1) -> (507.1, 109.1)
	(519.6, 68.1) -> (552.5, 90.0)
	(118.7, 47.0) -> (390.6, 19.6)
	(108.8, 121.1) -> (288.7, 97.6)
	(430.0, 151.7) -> (552.5, 90.0)
	(73.6, 141.6) -> (346.3, 142.4)
	(28.1, 114.8) -> (265.7, 222.8)
	(159.3, 119.1) -> (463.6, 184.8)
	(76.1, 109.2) -> (391.4, 45.0)
	(141.2, 175.3) -> (539.1, 147.9)
	(364.0, 224.0) -> (282.5, 178.0)
	(111.0, 320.9) -> (115.3, 376.6)
	(183.9, 52.6) -> (364.9, 28.9)
	(115.7, 401.2) -> (387.7, 392.1)
	(435.3, 94.0) -> (494.1, 24.9)
	(171.9, 317.5) -> (443.4, 308.5)
	(211.0, 122.7) -> (338.4, 11.9)
	(51.2, 306.7) -> (327.3, 303.0)
	(167.9, 187.0) -> (541.2, 99.2)
	(25.2, 154.1) -> (388.4, 29.8)
	(206.4, 297.6) -> (477.9, 286.7)
	(93.3, 162.5) -> (366.5, 159.9)
	(49.6, 335.0) -> (433.6, 315.9)
	(345.4, 183.0) -> (541.2, 99.2)
	(166.7, 183.1) -> (438.6, 171.7)
	(109.1, 188.5) -> (381.5, 183.6)
	(72.4, 14.8) -> (483.3, 189.9)
	(376.2, 173.4) -> (507.1, 109.1)
	(58.9, 183.0) -> (335.8, 184.0)
	(59.7, 135.3) -> (548.3, 145.6)
	(72.7, 191.2) -> (331.2, 176.0)
	(15.3, 141.7) -> (168.6, 197.0)
	(411.5, 323.2) -> (98.2, 310.1)
	(395.7, 323.7) -> (441.7, 39.4)
	(135.2, 166.5) -> (406.6, 157.3)
	(484.8, 207.0) -> (496.3, 196.4)
	(89.7, 122.9) -> (483.3, 189.9)
	(424.0, 45.3) -> (301.2, 25.5)
	(266.5, 171.1) -> (343.5, 19.2)
	(110.5, 380.3) -> (382.3, 372.9)
	(147.3, 200.2) -> (419.6, 191.5)
	(32.8, 161.0) -> (411.0, 19.5)
	(140.0, 43.3) -> (411.6, 34.7)
	(188.3, 129.2) -> (507.1, 109.1)
	(247.8, 227.0) -> (548.3, 145.6)
	(464.9, 179.1) -> (401.2, 44.2)
	(454.5, 209.2) -> (477.1, 109.9)
	(471.2, 187.1) -> (381.9, 93.1)
	(265.3, 19.6) -> (420.2, 113.5)
	(146.6, 352.1) -> (448.7, 270.6)
	(118.5, 149.5) -> (389.4, 160.7)
	(177.3, 281.1) -> (448.7, 270.6)
	(122.5, 296.5) -> (393.0, 290.0)
	(108.5, 348.2) -> (381.4, 340.8)
	(50.2, 168.2) -> (379.2, 143.0)
	(138.8, 165.2) -> (407.1, 158.8)
	(512.7, 204.2) -> (411.0, 19.5)
	(454.3, 227.5) -> (518.4, 187.4)
	(313.8, 92.8) -> (507.1, 109.1)
	(123.1, 33.3) -> (448.7, 270.6)
	(147.8, 162.1) -> (152.3, 328.3)
	(245.9, 141.4) -> (288.7, 184.8)
	(310.1, 39.0) -> (152.3, 328.3)
	(139.4, 27.4) -> (376.4, 20.9)
	(144.1, 34.1) -> (427.4, 100.9)
	(73.0, 341.9) -> (343.9, 341.3)
	(494.4, 225.0) -> (368.4, 194.5)
	(538.2, 13.1) -> (501.8, 21.5)
	(110.3, 156.1) -> (338.4, 11.9)
	(175.6, 124.6) -> (389.2, 37.2)
	(199.7, 232.3) -> (379.2, 143.0)
	(75.5, 15.0) -> (484.3, 15.3)
	(92.7, 135.9) -> (541.2, 99.2)
	(453.5, 224.7) -> (388.4, 29.8)
	(115.0, 400.6) -> (387.7, 392.1)
	(30.3, 142.2) -> (460.7, 113.0)
	(142.8, 28.8) -> (411.0, 19.5)
	(230.3, 145.8) -> (282.5, 178.0)
	(240.7, 161.9) -> (299.6, 75.2)
	(493.6, 213.5) -> (496.3, 196.4)
	(457.8, 101.8) -> (401.2, 44.2)
	(186.2, 300.8) -> (461.5, 291.2)
	(459.7, 164.4) -> (507.1, 109.1)
	(267.1, 228.1) -> (433.6, 315.9)
	(125.7, 332.2) -> (407.1, 158.8)
	(555.8, 76.4) -> (507.1, 109.1)
	(37.2, 302.7) -> (128.3, 379.7)
	(232.2, 129.2) -> (266.4, 170.6)
	(225.9, 137.8) -> (496.3, 196.4)
	(392.8, 178.8) -> (367.2, 157.2)
	(189.7, 300.8) -> (461.5, 291.2)
	(188.7, 259.4) -> (389.2, 37.2)
	(194.5, 124.4) -> (450.7, 174.9)
	(436.0, 194.1) -> (456.2, 70.6)
	(80.2, 132.4) -> (335.8, 184.0)
	(142.9, 198.0) -> (483.3, 189.9)
	(500.6, 216.2) -> (379.2, 143.0)
	(48.4, 159.7) -> (501.8, 21.5)
	(261.7, 161.1) -> (539.7, 135.8)
	(178.9, 188.0) -> (450.7, 174.9)
	(161.7, 268.1) -> (432.8, 259.8)
	(255.1, 181.2) -> (484.3, 15.3)
	(63.2, 143.0) -> (501.8, 21.5)
	(192.3, 46.2) -> (446.2, 107.8)
	(218.0, 275.9) -> (177.2, 152.8)
	(302.2, 128.8) -> (446.2, 107.8)
	(227.6, 231.3) -> (500.7, 214.8)
	(273.6, 74.5) -> (401.2, 44.2)
	(467.1, 160.3) -> (450.7, 174.9)
	(375.8, 334.9) -> (279.9, 246.1)
	(165.6, 111.9) -> (288.7, 97.6)
	(128.5, 74.8) -> (168.9, 153.7)
	(225.6, 231.7) -> (500.7, 214.8)
	(461.7, 240.8) -> (484.3, 15.3)
	(437.6, 83.9) -> (477.1, 109.9)
	(207.9, 199.7) -> (391.4, 45.0)
	(428.2, 67.8) -> (346.3, 142.4)
	(219.3, 51.0) -> (548.3, 145.6)
	(446.7, 238.4) -> (382.3, 372.9)
	(392.1, 184.4) -> (540.6, 14.2)


image 6 -> 7
	(185.2, 380.4) -> (406.4, 371.0)
	(286.9, 395.0) -> (243.6, 447.0)
	(168.2, 285.1) -> (390.1, 276.1)
	(226.4, 263.3) -> (449.0, 249.2)
	(168.6, 372.9) -> (390.0, 364.3)
	(518.4, 187.4) -> (390.0, 364.3)
	(258.2, 263.5) -> (449.0, 249.2)
	(167.2, 262.7) -> (390.8, 165.5)
	(86.6, 307.3) -> (311.7, 302.1)
	(433.6, 315.9) -> (447.7, 360.9)
	(200.9, 339.3) -> (390.0, 232.0)
	(268.3, 243.7) -> (497.8, 87.3)
	(441.7, 39.4) -> (519.9, 65.4)
	(376.4, 20.9) -> (383.0, 259.9)
	(445.9, 295.9) -> (415.4, 279.1)
	(327.2, 33.0) -> (519.9, 65.4)
	(552.5, 90.0) -> (390.0, 364.3)
	(251.2, 240.6) -> (449.0, 249.2)
	(422.0, 206.2) -> (310.7, 323.1)
	(381.7, 362.6) -> (390.0, 364.3)
	(425.0, 337.8) -> (155.2, 296.7)
	(379.1, 372.9) -> (200.9, 344.3)
	(167.6, 241.0) -> (390.8, 143.4)
	(428.5, 290.5) -> (472.3, 55.3)
	(343.9, 341.3) -> (434.1, 303.8)
	(115.3, 376.6) -> (338.7, 368.8)
	(266.4, 93.8) -> (509.1, 93.5)
	(540.6, 14.2) -> (390.0, 364.3)
	(247.9, 400.3) -> (472.7, 392.7)
	(390.2, 361.6) -> (389.1, 385.4)
	(167.6, 394.5) -> (389.1, 385.4)
	(76.7, 381.3) -> (301.8, 372.4)
	(453.7, 308.4) -> (517.3, 377.4)
	(86.0, 329.5) -> (310.7, 323.1)
	(193.3, 288.7) -> (415.4, 279.1)
	(456.2, 70.6) -> (447.7, 360.9)
	(168.0, 218.8) -> (390.0, 232.0)
	(219.8, 242.5) -> (441.9, 228.2)
	(552.5, 89.9) -> (406.4, 371.0)
	(124.2, 354.5) -> (346.3, 347.8)
	(548.3, 145.6) -> (495.4, 149.1)
	(427.4, 100.9) -> (112.2, 709.3)
	(392.4, 30.1) -> (483.5, 333.2)
	(214.0, 315.0) -> (415.4, 279.1)
	(69.9, 271.9) -> (295.8, 268.3)
	(379.4, 144.8) -> (390.0, 364.3)
	(177.1, 249.2) -> (398.9, 261.1)
	(115.9, 377.1) -> (338.6, 368.7)
	(185.4, 294.3) -> (407.4, 284.4)
	(176.9, 270.7) -> (399.1, 173.4)
	(460.7, 113.0) -> (390.8, 165.5)
	(287.9, 386.9) -> (515.0, 380.0)
	(58.3, 316.6) -> (285.5, 311.5)
	(73.0, 379.3) -> (238.8, 320.1)
	(437.6, 163.2) -> (532.0, 309.3)
	(154.8, 294.0) -> (377.2, 285.9)
	(98.2, 310.1) -> (323.5, 304.0)
	(187.4, 293.0) -> (409.6, 283.2)
	(57.4, 318.4) -> (284.1, 313.4)
	(483.3, 189.9) -> (391.3, 187.5)
	(286.9, 388.8) -> (515.0, 380.0)
	(100.2, 378.9) -> (324.9, 370.6)
	(144.3, 287.9) -> (366.3, 279.3)
	(379.2, 143.0) -> (519.9, 65.4)
	(288.7, 97.6) -> (519.9, 65.4)
	(390.6, 19.6) -> (399.0, 239.2)
	(245.4, 79.9) -> (471.6, 186.8)
	(266.8, 15.5) -> (390.0, 232.0)
	(317.2, 164.7) -> (510.4, 20.0)
	(168.9, 153.7) -> (390.8, 143.4)
	(168.6, 197.0) -> (391.4, 100.1)
	(151.8, 267.4) -> (399.0, 239.2)
	(168.6, 175.3) -> (390.8, 143.4)
	(382.3, 372.9) -> (143.4, 338.9)
	(211.8, 314.8) -> (434.1, 303.8)
	(544.5, 249.2) -> (535.9, 367.3)
	(128.3, 379.7) -> (350.1, 371.8)
	(371.5, 357.1) -> (181.9, 415.3)
	(65.8, 377.1) -> (289.9, 368.5)
	(97.2, 308.5) -> (325.6, 307.4)
	(381.5, 183.6) -> (338.6, 368.7)
	(432.8, 259.8) -> (434.1, 303.8)
	(389.4, 160.7) -> (350.7, 381.8)
	(81.1, 317.2) -> (447.7, 360.9)
	(269.0, 113.6) -> (483.5, 333.2)
	(351.9, 160.9) -> (389.1, 385.4)
	(378.1, 407.3) -> (532.0, 309.3)
	(144.3, 304.5) -> (364.8, 299.0)
	(152.3, 328.3) -> (373.6, 319.8)
	(477.1, 109.9) -> (519.9, 65.4)
	(186.9, 372.4) -> (408.3, 363.1)
	(176.7, 227.2) -> (398.7, 217.2)
	(76.0, 462.9) -> (301.8, 451.3)
	(266.4, 170.6) -> (519.9, 65.4)
	(366.1, 28.9) -> (390.0, 364.3)
	(463.6, 184.8) -> (389.9, 253.7)
	(518.8, 138.5) -> (535.9, 367.3)
	(410.4, 343.3) -> (363.3, 287.4)
	(347.3, 26.7) -> (383.0, 259.9)
	(421.1, 123.1) -> (519.9, 65.4)
	(494.1, 24.9) -> (390.0, 232.0)
	(143.1, 373.9) -> (365.4, 365.7)
	(346.3, 142.4) -> (510.8, 43.7)
	(161.1, 268.5) -> (383.0, 259.9)
	(364.9, 28.9) -> (519.9, 65.4)
	(403.8, 290.6) -> (508.7, 226.3)
	(399.1, 290.1) -> (508.7, 226.3)
	(442.1, 119.5) -> (495.5, 39.6)
	(177.3, 98.9) -> (399.7, 86.9)
	(343.5, 19.2) -> (518.6, 54.0)
	(305.8, 379.0) -> (377.4, 367.9)
	(481.2, 116.6) -> (505.5, 33.7)
	(279.9, 246.1) -> (508.7, 226.3)
	(518.7, 139.3) -> (510.8, 43.7)
	(472.9, 290.5) -> (365.9, 296.8)
	(145.0, 302.8) -> (407.4, 284.4)
	(525.2, 208.2) -> (483.5, 333.2)
	(96.4, 383.8) -> (320.7, 377.6)
	(176.4, 378.4) -> (471.6, 186.8)
	(484.3, 15.3) -> (472.7, 392.7)
	(102.4, 401.7) -> (325.8, 393.0)
	(539.7, 135.8) -> (112.2, 709.3)
	(338.4, 11.9) -> (383.0, 259.9)
	(362.7, 30.5) -> (515.0, 380.0)
	(299.9, 274.3) -> (191.4, 333.9)
	(47.7, 302.8) -> (272.9, 298.8)
	(152.0, 311.6) -> (374.0, 302.5)
	(369.7, 361.2) -> (191.9, 325.4)
	(144.7, 359.3) -> (365.6, 350.8)
	(367.2, 157.2) -> (483.5, 333.2)
	(507.1, 109.1) -> (518.6, 54.0)
	(265.7, 222.8) -> (494.1, 204.5)
	(277.3, 137.5) -> (309.7, 313.0)
	(461.5, 291.2) -> (322.6, 302.5)
	(391.4, 45.0) -> (373.6, 319.8)
	(196.5, 233.0) -> (417.7, 221.1)
	(216.0, 254.6) -> (438.0, 240.8)
	(161.6, 247.1) -> (383.0, 259.9)
	(175.2, 379.6) -> (398.0, 369.8)
	(266.7, 68.6) -> (389.9, 253.7)
	(477.9, 286.7) -> (202.0, 355.6)
	(242.4, 272.8) -> (377.2, 285.9)
	(177.2, 152.8) -> (399.2, 141.8)
	(448.7, 270.6) -> (441.9, 228.2)
	(419.6, 191.5) -> (389.1, 385.4)
	(496.6, 104.5) -> (390.0, 364.3)
	(401.2, 44.2) -> (398.7, 217.2)
	(496.3, 196.4) -> (377.2, 285.9)
	(501.8, 21.5) -> (528.8, 84.2)
	(438.6, 171.7) -> (505.5, 33.7)
	(361.8, 122.1) -> (518.6, 54.0)
	(211.7, 276.0) -> (372.1, 341.7)
	(446.2, 107.8) -> (383.0, 259.9)
	(289.7, 185.6) -> (528.8, 84.2)
	(384.6, 24.3) -> (519.9, 65.4)
	(285.6, 86.1) -> (391.3, 187.5)
	(281.5, 244.8) -> (508.7, 226.3)
	(271.7, 234.0) -> (500.3, 216.3)
	(299.6, 75.2) -> (518.6, 54.0)
	(43.3, 303.0) -> (272.9, 298.8)
	(539.1, 147.9) -> (486.0, 235.0)
	(282.5, 178.0) -> (510.8, 43.7)
	(407.1, 158.8) -> (390.0, 364.3)
	(461.4, 17.4) -> (391.3, 187.5)
	(483.8, 136.3) -> (505.5, 33.7)
	(366.5, 159.9) -> (483.5, 333.2)
	(429.4, 112.4) -> (390.4, 210.0)
	(169.3, 131.9) -> (484.1, 249.6)
	(248.4, 225.8) -> (474.4, 210.0)
	(381.9, 93.1) -> (391.4, 100.1)
	(78.7, 341.4) -> (303.9, 334.4)
	(406.6, 157.3) -> (517.6, 376.1)
	(156.1, 246.6) -> (374.2, 214.8)
	(155.8, 266.5) -> (373.4, 259.5)
	(223.8, 227.0) -> (338.6, 368.7)
	(541.2, 99.2) -> (399.0, 239.2)
	(245.4, 93.4) -> (471.9, 69.7)
	(470.1, 219.4) -> (346.3, 347.8)
	(122.6, 396.3) -> (449.0, 249.2)
	(77.0, 342.3) -> (302.0, 335.5)
	(177.2, 183.8) -> (399.1, 173.4)
	(388.4, 29.8) -> (389.1, 385.4)
	(331.2, 176.0) -> (389.1, 385.4)
	(381.4, 340.8) -> (363.3, 287.4)
	(266.2, 234.1) -> (494.3, 215.8)
	(412.1, 166.2) -> (505.5, 33.7)
	(169.2, 88.3) -> (391.4, 100.1)
	(500.7, 214.8) -> (350.1, 371.8)
	(301.2, 25.5) -> (390.0, 364.3)
	(78.8, 318.9) -> (304.4, 312.8)
	(288.7, 251.1) -> (295.8, 268.3)
	(245.7, 14.2) -> (471.6, 186.8)
	(252.8, 214.1) -> (495.9, 226.3)
	(106.2, 379.3) -> (20.1, 362.0)
	(389.2, 37.2) -> (272.9, 298.8)
	(288.7, 184.8) -> (505.5, 33.7)
	(335.8, 184.0) -> (528.8, 84.2)
	(203.3, 269.7) -> (20.1, 362.0)
	(151.9, 224.6) -> (373.4, 259.5)
	(378.2, 340.1) -> (363.3, 287.4)
	(280.4, 74.7) -> (483.5, 333.2)
	(137.9, 388.0) -> (359.4, 378.0)


image 7 -> 8
	(406.4, 371.0) -> (81.3, 136.4)
	(447.7, 360.9) -> (498.9, 448.4)
	(390.0, 364.3) -> (47.1, 96.1)
	(484.1, 249.6) -> (35.5, 84.0)
	(449.0, 249.2) -> (35.5, 84.0)
	(389.9, 253.7) -> (62.1, 88.5)
	(535.9, 367.3) -> (81.3, 136.4)
	(191.9, 325.4) -> (443.9, 320.6)
	(236.3, 317.8) -> (493.9, 313.4)
	(310.7, 323.1) -> (29.2, 196.6)
	(261.5, 354.6) -> (34.1, 337.6)
	(301.8, 372.4) -> (200.9, 373.6)
	(272.7, 352.9) -> (35.5, 84.0)
	(441.9, 228.2) -> (101.2, 103.3)
	(200.7, 335.2) -> (108.5, 146.1)
	(166.9, 344.0) -> (417.2, 340.8)
	(238.8, 320.1) -> (493.9, 313.4)
	(200.9, 344.3) -> (451.9, 338.9)
	(191.2, 328.9) -> (442.8, 328.8)
	(338.6, 368.7) -> (29.2, 196.6)
	(220.8, 324.4) -> (277.1, 360.1)
	(415.4, 279.1) -> (40.9, 335.3)
	(191.4, 333.9) -> (442.8, 328.8)
	(164.1, 345.6) -> (414.0, 342.0)
	(389.1, 385.4) -> (498.9, 448.4)
	(495.6, 67.1) -> (62.1, 88.5)
	(434.1, 303.8) -> (155.0, 346.2)
	(216.6, 328.5) -> (470.8, 323.0)
	(202.0, 355.6) -> (454.4, 352.7)
	(338.7, 368.8) -> (81.0, 188.8)
	(390.4, 210.0) -> (62.1, 88.5)
	(285.5, 311.5) -> (213.0, 372.5)
	(472.3, 55.3) -> (81.0, 188.8)
	(366.3, 279.3) -> (163.9, 332.1)
	(243.6, 447.0) -> (88.6, 177.7)
	(472.7, 392.7) -> (90.7, 74.2)
	(407.4, 284.4) -> (194.6, 337.8)
	(133.2, 332.7) -> (310.5, 329.7)
	(390.8, 143.4) -> (454.4, 352.7)
	(158.1, 346.6) -> (408.3, 343.4)
	(169.0, 326.5) -> (419.3, 323.8)
	(143.4, 338.9) -> (393.4, 335.7)
	(409.6, 283.2) -> (194.6, 337.8)
	(57.7, 330.9) -> (312.7, 327.4)
	(390.8, 165.5) -> (86.1, 169.7)
	(150.8, 350.7) -> (401.3, 347.2)
	(532.0, 309.3) -> (81.3, 136.4)
	(284.1, 313.4) -> (417.2, 340.8)
	(289.9, 368.5) -> (214.7, 337.9)
	(301.8, 451.3) -> (47.1, 96.1)
	(304.4, 312.8) -> (323.7, 366.6)
	(20.1, 362.0) -> (277.1, 360.1)
	(519.9, 65.4) -> (47.1, 96.1)
	(155.2, 296.7) -> (30.0, 159.7)
	(212.3, 333.1) -> (69.2, 232.2)
	(365.9, 296.8) -> (225.3, 340.5)
	(323.5, 304.0) -> (277.1, 360.1)
	(383.0, 259.9) -> (16.9, 353.4)
	(350.9, 372.3) -> (95.1, 141.2)
	(295.8, 268.3) -> (29.2, 196.6)
	(365.6, 350.8) -> (163.9, 332.1)
	(132.8, 329.3) -> (382.7, 329.8)
	(320.7, 377.6) -> (361.1, 334.9)
	(59.8, 328.8) -> (310.5, 329.7)
	(398.7, 217.2) -> (360.2, 701.4)
	(43.9, 336.3) -> (393.4, 335.7)
	(150.2, 360.6) -> (400.9, 357.1)
	(519.0, 377.6) -> (473.7, 320.7)
	(372.1, 341.7) -> (310.5, 329.7)
	(303.9, 334.4) -> (163.9, 332.1)
	(483.5, 333.2) -> (81.3, 136.4)
	(510.4, 20.0) -> (454.4, 352.7)
	(510.8, 43.7) -> (46.2, 19.5)
	(325.8, 393.0) -> (56.3, 335.0)
	(495.4, 149.1) -> (62.1, 88.5)
	(350.1, 371.8) -> (217.1, 371.9)
	(515.0, 380.0) -> (454.4, 352.7)
	(363.3, 287.4) -> (102.8, 209.0)
	(101.3, 330.9) -> (75.1, 327.7)
	(302.0, 335.5) -> (419.6, 340.0)
	(364.8, 299.0) -> (218.0, 370.3)
	(281.8, 323.7) -> (194.6, 337.8)
	(508.7, 226.3) -> (213.0, 372.5)
	(181.9, 415.3) -> (218.0, 370.3)


image 8 -> 9
	(34.1, 337.6) -> (264.6, 347.2)
	(56.3, 335.0) -> (283.0, 343.8)
	(75.4, 345.5) -> (301.9, 353.9)
	(217.1, 371.9) -> (442.8, 377.7)
	(31.5, 337.2) -> (307.6, 152.8)
	(40.9, 335.3) -> (208.4, 243.6)
	(323.7, 366.6) -> (287.0, 58.1)
	(491.6, 312.0) -> (67.7, 362.5)
	(443.9, 320.6) -> (289.2, 354.6)
	(470.8, 323.0) -> (418.7, 343.9)
	(417.2, 340.8) -> (422.5, 342.9)
	(493.9, 313.4) -> (439.3, 344.0)
	(451.9, 338.9) -> (269.9, 344.0)
	(442.9, 323.9) -> (93.1, 352.2)
	(218.0, 370.3) -> (442.8, 377.7)
	(442.8, 328.8) -> (45.6, 365.7)
	(414.0, 342.0) -> (422.5, 342.9)
	(343.3, 363.8) -> (379.2, 353.8)
	(81.3, 136.4) -> (307.6, 152.8)
	(454.4, 352.7) -> (265.5, 107.7)
	(177.6, 352.0) -> (401.2, 358.5)
	(81.0, 188.8) -> (306.9, 202.9)
	(466.8, 326.0) -> (418.7, 343.9)
	(172.8, 329.0) -> (300.1, 336.4)
	(194.6, 337.8) -> (418.7, 343.9)
	(419.6, 340.0) -> (68.4, 323.6)
	(408.3, 343.4) -> (418.7, 343.9)
	(198.8, 336.8) -> (422.5, 342.9)
	(214.7, 337.9) -> (439.3, 344.0)
	(199.0, 372.0) -> (419.0, 377.0)
	(419.3, 323.8) -> (75.9, 335.5)
	(200.9, 373.6) -> (424.9, 380.9)
	(90.4, 360.6) -> (317.2, 371.4)
	(393.4, 335.7) -> (71.1, 344.4)
	(62.1, 88.5) -> (180.7, 377.4)
	(79.7, 136.6) -> (305.7, 151.5)
	(195.3, 369.7) -> (419.0, 377.0)
	(190.2, 340.1) -> (418.7, 343.9)
	(382.7, 329.8) -> (75.9, 335.5)
	(498.9, 448.4) -> (68.6, 261.8)
	(384.3, 331.7) -> (396.0, 335.7)
	(18.0, 343.2) -> (248.4, 352.7)
	(310.5, 329.7) -> (75.9, 335.5)
	(30.0, 159.7) -> (260.5, 180.2)
	(92.5, 362.7) -> (317.2, 371.4)
	(277.1, 360.1) -> (507.2, 366.2)
	(101.2, 103.3) -> (325.9, 118.3)
	(231.9, 342.5) -> (467.7, 346.5)
	(16.9, 353.4) -> (248.1, 362.1)
	(218.2, 339.9) -> (442.1, 346.5)
	(159.8, 334.8) -> (382.6, 341.7)
	(64.3, 347.1) -> (290.7, 355.2)
	(188.9, 366.0) -> (413.8, 373.8)
	(225.3, 340.5) -> (449.0, 346.6)
	(35.5, 84.0) -> (265.5, 107.7)
	(193.3, 355.9) -> (401.2, 358.5)
	(153.4, 83.3) -> (203.3, 66.8)
	(216.1, 329.4) -> (441.2, 335.5)
	(473.9, 418.1) -> (467.7, 346.5)
	(58.9, 34.6) -> (401.2, 358.5)
	(94.9, 142.9) -> (264.6, 347.2)
	(297.9, 335.4) -> (382.6, 341.7)
	(400.9, 357.1) -> (269.9, 344.0)
	(62.7, 346.4) -> (289.2, 354.6)
	(87.0, 145.4) -> (312.4, 161.1)
	(102.8, 209.0) -> (327.4, 220.2)
	(46.2, 19.5) -> (275.4, 45.7)
	(155.0, 346.2) -> (379.2, 353.8)
	(312.7, 327.4) -> (300.1, 336.4)
	(265.4, 329.0) -> (75.9, 335.5)
	(66.2, 234.9) -> (422.5, 342.9)
	(352.0, 328.9) -> (75.9, 335.5)
	(80.6, 169.6) -> (308.9, 186.9)
	(90.7, 74.2) -> (305.7, 151.5)
	(361.1, 334.9) -> (71.1, 344.4)
	(26.7, 364.7) -> (60.4, 384.6)
	(47.1, 96.1) -> (147.0, 393.7)
	(86.1, 169.7) -> (420.4, 363.1)
	(75.1, 327.7) -> (396.0, 335.7)
	(163.9, 332.1) -> (382.6, 341.7)
	(88.6, 177.7) -> (287.0, 58.1)
	(69.2, 232.2) -> (418.7, 343.9)
	(49.2, 233.6) -> (423.1, 379.5)
	(95.1, 141.2) -> (151.8, 404.9)
	(29.2, 196.6) -> (258.5, 216.1)


image 9 -> 10
	(101.4, 359.8) -> (306.5, 342.7)
	(180.7, 377.4) -> (384.5, 360.3)
	(204.6, 373.2) -> (408.7, 355.3)
	(89.5, 365.7) -> (262.4, 341.1)
	(88.0, 367.9) -> (166.8, 323.1)
	(58.1, 377.0) -> (76.7, 288.6)
	(91.3, 362.5) -> (253.7, 355.3)
	(264.6, 347.2) -> (474.2, 327.7)
	(67.7, 362.5) -> (274.4, 345.8)
	(283.0, 343.8) -> (494.5, 324.1)
	(301.9, 353.9) -> (505.3, 329.9)
	(222.5, 346.2) -> (428.1, 327.7)
	(269.9, 344.0) -> (178.1, 313.0)
	(71.1, 305.4) -> (278.6, 290.5)
	(90.0, 324.3) -> (296.3, 308.0)
	(202.0, 342.8) -> (519.0, 102.3)
	(55.2, 357.6) -> (262.4, 341.1)
	(442.8, 377.7) -> (393.9, 318.2)
	(217.1, 356.6) -> (422.6, 338.3)
	(189.5, 336.6) -> (393.9, 318.2)
	(150.2, 398.8) -> (103.5, 304.8)
	(215.8, 359.1) -> (418.1, 340.9)
	(307.6, 152.8) -> (523.3, 115.6)
	(70.4, 320.8) -> (179.1, 341.8)
	(52.8, 371.0) -> (260.8, 353.8)
	(401.2, 358.5) -> (333.2, 360.1)
	(306.9, 202.9) -> (521.3, 169.1)
	(68.6, 261.8) -> (477.8, 73.6)
	(193.8, 362.0) -> (397.2, 342.7)
	(173.7, 394.8) -> (151.8, 368.8)
	(68.4, 323.6) -> (275.5, 308.3)
	(94.0, 374.2) -> (299.0, 357.1)
	(418.7, 343.9) -> (449.1, 326.9)
	(81.9, 338.6) -> (288.3, 322.7)
	(173.9, 396.8) -> (446.0, 390.4)
	(325.9, 118.3) -> (474.2, 327.7)
	(242.0, 345.9) -> (449.1, 326.9)
	(436.8, 341.7) -> (275.5, 308.3)
	(422.5, 342.9) -> (449.3, 327.4)
	(396.0, 335.7) -> (282.7, 320.0)
	(112.2, 360.5) -> (275.5, 308.3)
	(147.0, 393.7) -> (76.7, 288.6)
	(424.9, 380.9) -> (274.4, 345.8)
	(423.1, 379.5) -> (488.9, 222.4)
	(64.1, 375.2) -> (296.3, 308.0)
	(260.5, 180.2) -> (470.1, 152.6)
	(209.0, 397.2) -> (413.7, 380.0)
	(226.8, 218.0) -> (449.3, 327.4)
	(439.3, 344.0) -> (485.9, 220.0)
	(23.0, 267.2) -> (413.8, 378.4)
	(75.9, 335.5) -> (282.7, 320.0)
	(327.4, 220.2) -> (466.4, 194.2)
	(289.8, 109.7) -> (446.0, 390.4)
	(122.4, 390.4) -> (326.2, 372.7)
	(151.8, 404.9) -> (355.1, 388.5)
	(315.4, 368.2) -> (473.1, 85.5)
	(223.0, 367.1) -> (428.2, 349.2)
	(414.0, 347.2) -> (506.2, 219.9)
	(180.4, 362.6) -> (384.1, 344.8)
	(104.7, 382.9) -> (309.1, 366.2)
	(305.7, 151.5) -> (523.3, 115.6)
	(441.2, 335.5) -> (192.3, 352.8)
	(78.5, 373.5) -> (288.3, 322.7)
	(125.8, 378.3) -> (328.9, 360.0)
	(248.1, 362.1) -> (456.4, 344.1)
	(376.9, 92.4) -> (427.0, 116.4)
	(317.2, 371.4) -> (172.2, 351.4)
	(208.4, 243.6) -> (413.6, 222.7)
	(420.4, 363.1) -> (384.1, 344.8)
	(248.4, 352.7) -> (194.6, 261.0)
	(265.5, 107.7) -> (103.5, 304.8)
	(20.0, 256.8) -> (232.6, 245.6)
	(51.8, 378.8) -> (456.4, 344.1)
	(507.2, 366.2) -> (500.9, 335.8)
	(173.2, 366.0) -> (375.1, 347.5)
	(442.1, 346.5) -> (485.9, 220.0)
	(379.2, 353.8) -> (333.2, 360.1)
	(290.7, 355.2) -> (502.4, 336.5)
	(63.2, 367.4) -> (270.9, 350.2)
	(19.3, 254.4) -> (191.0, 246.4)
	(23.9, 278.0) -> (256.1, 316.8)
	(458.4, 346.5) -> (531.2, 157.9)
	(91.3, 381.4) -> (182.0, 247.4)
	(289.2, 354.6) -> (502.4, 336.5)
	(449.0, 346.6) -> (444.6, 341.9)
	(45.6, 365.7) -> (254.3, 348.1)
	(104.8, 380.3) -> (310.2, 363.2)
	(382.6, 341.7) -> (277.9, 328.3)
	(81.8, 310.6) -> (288.5, 295.2)
	(505.1, 366.6) -> (415.8, 223.9)
	(203.3, 66.8) -> (427.0, 116.4)
	(71.1, 344.4) -> (277.9, 328.3)
	(287.0, 58.1) -> (502.8, 16.0)
	(93.1, 352.2) -> (298.7, 335.3)
	(238.0, 360.2) -> (444.6, 341.9)
	(316.7, 91.4) -> (188.9, 252.1)
	(312.4, 161.1) -> (531.4, 125.1)
	(300.1, 336.4) -> (282.7, 320.0)
	(239.5, 57.8) -> (448.8, 23.9)
	(517.7, 379.8) -> (162.1, 293.6)
	(85.8, 272.0) -> (292.3, 257.8)
	(152.3, 340.8) -> (341.5, 309.4)
	(82.5, 274.6) -> (288.7, 260.6)
	(467.7, 346.5) -> (310.2, 363.2)
	(324.9, 209.7) -> (409.5, 39.0)
	(239.5, 406.5) -> (449.1, 326.9)
	(253.7, 179.2) -> (463.0, 151.0)
	(138.1, 326.6) -> (341.5, 309.4)
	(331.6, 150.0) -> (427.0, 116.4)
	(25.5, 279.7) -> (229.4, 250.2)
	(79.0, 301.7) -> (285.8, 286.8)
	(325.0, 379.0) -> (172.2, 351.4)
	(195.8, 226.2) -> (445.9, 391.5)
	(258.5, 216.1) -> (427.0, 116.4)
	(275.4, 45.7) -> (276.2, 247.4)
	(305.1, 37.6) -> (531.4, 155.4)


image 10 -> 11
	(384.5, 360.3) -> (337.1, 238.0)
	(178.1, 313.0) -> (407.3, 313.7)
	(166.8, 323.1) -> (396.9, 323.4)
	(192.4, 237.9) -> (425.2, 235.3)
	(377.4, 377.6) -> (444.7, 247.7)
	(299.0, 357.1) -> (217.1, 174.2)
	(103.5, 304.8) -> (97.3, 461.9)
	(150.1, 314.7) -> (381.0, 314.7)
	(295.2, 348.4) -> (536.0, 349.9)
	(274.4, 345.8) -> (515.0, 344.2)
	(494.5, 324.1) -> (536.0, 349.9)
	(474.2, 327.7) -> (15.2, 279.2)
	(262.4, 341.1) -> (396.9, 323.4)
	(395.8, 319.0) -> (197.8, 526.4)
	(418.1, 340.9) -> (334.5, 304.9)
	(353.4, 384.3) -> (97.3, 461.9)
	(231.7, 349.7) -> (465.8, 354.1)
	(469.7, 327.1) -> (336.6, 305.2)
	(211.7, 251.2) -> (444.7, 247.7)
	(194.3, 343.6) -> (467.9, 341.3)
	(278.6, 290.5) -> (519.0, 285.3)
	(393.9, 318.2) -> (407.3, 313.7)
	(270.3, 342.8) -> (511.1, 341.9)
	(103.5, 304.7) -> (97.3, 461.9)
	(149.8, 310.8) -> (380.3, 310.6)
	(191.0, 246.4) -> (424.3, 244.2)
	(277.5, 305.7) -> (516.6, 304.3)
	(212.1, 340.9) -> (491.2, 348.5)
	(231.7, 355.2) -> (465.8, 354.1)
	(276.2, 247.4) -> (516.6, 239.4)
	(203.4, 246.7) -> (191.7, 277.9)
	(275.5, 308.3) -> (516.6, 304.3)
	(523.3, 115.6) -> (15.2, 279.2)
	(195.0, 348.1) -> (426.5, 347.4)
	(333.2, 360.1) -> (178.0, 472.4)
	(449.1, 326.9) -> (380.3, 310.6)
	(260.8, 353.8) -> (498.2, 353.2)
	(413.7, 380.0) -> (111.1, 180.0)
	(522.5, 366.3) -> (425.2, 235.3)
	(233.4, 342.3) -> (467.9, 341.3)
	(355.1, 388.5) -> (178.2, 527.5)
	(538.8, 118.8) -> (336.6, 305.2)
	(505.3, 329.9) -> (64.3, 404.5)
	(260.2, 328.8) -> (178.0, 472.4)
	(172.2, 351.4) -> (400.4, 351.0)
	(192.3, 352.8) -> (523.1, 317.0)
	(477.8, 73.6) -> (23.1, 135.5)
	(179.1, 341.8) -> (410.1, 341.8)
	(256.1, 316.8) -> (467.8, 245.6)
	(210.6, 261.9) -> (444.2, 257.6)
	(213.7, 249.6) -> (310.1, 290.9)
	(413.8, 378.4) -> (178.0, 472.4)
	(194.6, 261.0) -> (427.0, 258.4)
	(182.0, 247.4) -> (413.3, 245.3)
	(254.3, 348.1) -> (491.2, 348.5)
	(282.7, 320.0) -> (523.1, 317.0)
	(445.9, 391.5) -> (191.7, 277.9)
	(446.0, 390.4) -> (377.0, 348.4)
	(214.8, 266.2) -> (448.7, 261.4)
	(178.5, 340.3) -> (410.1, 341.8)
	(173.7, 351.6) -> (458.4, 344.4)
	(456.4, 344.1) -> (217.1, 174.2)
	(210.1, 238.1) -> (443.6, 233.4)
	(415.8, 223.9) -> (391.4, 291.6)
	(449.3, 327.4) -> (380.3, 310.6)
	(354.2, 321.0) -> (526.7, 281.5)
	(522.9, 364.5) -> (334.5, 304.9)
	(232.8, 250.5) -> (467.8, 245.6)
	(150.5, 298.0) -> (381.2, 297.5)
	(188.9, 252.1) -> (191.7, 277.9)
	(531.2, 157.9) -> (336.6, 305.2)
	(527.1, 348.2) -> (458.4, 344.4)
	(288.7, 260.6) -> (217.1, 174.2)
	(207.0, 261.5) -> (442.6, 259.3)
	(502.8, 16.0) -> (336.6, 305.2)
	(328.9, 360.0) -> (186.9, 528.4)
	(253.7, 355.3) -> (490.7, 354.3)
	(465.4, 346.4) -> (424.3, 244.2)
	(375.1, 347.5) -> (523.1, 317.0)
	(376.4, 348.1) -> (523.1, 317.0)
	(502.4, 336.5) -> (391.8, 293.6)
	(277.9, 328.3) -> (518.0, 326.0)
	(298.7, 335.3) -> (490.7, 354.3)
	(444.6, 341.9) -> (335.0, 306.0)
	(56.0, 300.4) -> (191.7, 277.9)
	(500.9, 335.8) -> (391.8, 293.6)
	(427.0, 116.4) -> (195.9, 438.3)
	(270.9, 350.2) -> (410.1, 341.8)
	(211.1, 241.7) -> (444.8, 239.6)
	(292.3, 257.8) -> (456.9, 736.9)
	(160.0, 292.0) -> (410.1, 341.8)
	(488.9, 222.4) -> (516.6, 304.3)
	(485.9, 220.0) -> (516.6, 304.3)
	(227.2, 721.8) -> (456.9, 736.9)
	(473.1, 85.5) -> (400.4, 351.0)
	(434.1, 361.8) -> (400.4, 351.0)
	(160.5, 293.9) -> (391.8, 293.6)
	(162.1, 293.6) -> (391.8, 293.6)
	(495.1, 13.4) -> (400.4, 351.0)
	(531.4, 155.4) -> (186.9, 528.4)
	(193.0, 255.5) -> (444.7, 247.7)
	(151.8, 368.8) -> (381.8, 369.3)
	(285.8, 286.8) -> (526.7, 281.5)
	(204.3, 253.2) -> (437.0, 249.8)
	(213.7, 234.9) -> (400.4, 351.0)
	(310.2, 363.2) -> (134.6, 528.5)
	(455.3, 334.5) -> (191.7, 277.9)
	(503.6, 70.6) -> (209.4, 282.1)
	(76.7, 288.6) -> (516.6, 239.4)


image 11 -> 12
	(197.8, 526.4) -> (420.0, 543.7)
	(407.3, 313.7) -> (420.0, 543.7)
	(425.2, 235.3) -> (413.6, 289.2)
	(377.0, 348.4) -> (522.0, 312.4)
	(381.0, 314.7) -> (53.2, 261.1)
	(173.1, 527.7) -> (393.3, 542.8)
	(335.0, 306.0) -> (246.1, 297.5)
	(444.7, 247.7) -> (518.7, 258.6)
	(519.0, 285.3) -> (86.0, 370.9)
	(336.6, 305.2) -> (254.0, 163.3)
	(157.6, 528.7) -> (420.0, 543.7)
	(516.6, 239.4) -> (393.9, 259.7)
	(334.5, 304.9) -> (246.1, 297.5)
	(426.5, 347.4) -> (26.5, 489.1)
	(23.1, 135.5) -> (246.1, 297.5)
	(380.3, 310.6) -> (53.2, 261.1)
	(510.3, 262.0) -> (522.0, 312.4)
	(444.2, 257.6) -> (129.5, 29.2)
	(134.6, 528.5) -> (353.0, 541.5)
	(467.8, 245.6) -> (399.7, 486.9)
	(400.4, 351.0) -> (32.5, 182.8)
	(15.2, 279.2) -> (246.1, 297.5)
	(458.4, 344.4) -> (32.5, 182.8)
	(503.5, 240.1) -> (424.4, 294.1)
	(97.3, 461.9) -> (319.3, 472.3)
	(467.9, 341.3) -> (32.5, 182.8)
	(310.1, 290.9) -> (413.6, 289.2)
	(178.2, 527.5) -> (398.4, 543.8)
	(410.1, 341.8) -> (53.2, 261.1)
	(186.9, 528.4) -> (407.4, 545.1)
	(448.7, 261.4) -> (26.5, 489.1)
	(217.1, 174.2) -> (26.5, 489.1)
	(16.7, 256.0) -> (247.4, 276.0)
	(86.1, 404.8) -> (309.4, 416.9)
	(381.8, 369.3) -> (399.7, 486.9)
	(526.7, 281.5) -> (32.4, 180.8)
	(456.9, 736.9) -> (129.5, 29.2)
	(290.9, 303.4) -> (522.0, 312.4)
	(191.7, 277.9) -> (413.6, 289.2)
	(518.0, 326.0) -> (53.2, 261.1)
	(192.3, 552.8) -> (413.6, 570.1)
	(198.1, 414.9) -> (419.9, 429.2)
	(391.8, 293.6) -> (53.2, 261.1)
	(191.7, 279.8) -> (446.9, 287.2)
	(178.0, 472.4) -> (399.7, 486.9)
	(391.4, 291.6) -> (53.2, 261.1)
	(337.1, 238.0) -> (393.9, 259.7)
	(195.9, 438.3) -> (416.5, 453.7)
	(111.1, 180.0) -> (399.7, 486.9)
	(287.5, 251.8) -> (518.7, 258.6)
	(221.8, 277.0) -> (446.9, 287.2)
	(506.9, 59.4) -> (446.9, 287.2)
	(209.4, 282.1) -> (413.6, 289.2)
	(64.3, 404.5) -> (398.4, 543.8)


image 12 -> 13
	(420.0, 543.7) -> (53.2, 410.1)
	(393.3, 542.8) -> (192.0, 257.9)
	(377.1, 542.5) -> (257.3, 404.9)
	(254.0, 163.3) -> (301.9, 161.7)
	(375.1, 543.1) -> (53.0, 450.8)
	(246.1, 297.5) -> (301.9, 161.7)
	(319.3, 472.3) -> (312.8, 295.5)
	(259.3, 22.9) -> (353.3, 334.0)
	(353.0, 541.5) -> (369.6, 238.0)
	(398.4, 543.8) -> (73.2, 430.7)
	(69.8, 118.3) -> (386.6, 93.5)
	(350.6, 541.2) -> (369.6, 238.0)
	(53.2, 261.1) -> (369.6, 238.0)
	(86.0, 370.9) -> (399.2, 345.0)
	(247.4, 276.0) -> (264.6, 425.3)
	(32.5, 182.8) -> (350.6, 163.5)
	(63.7, 158.8) -> (380.9, 137.1)
	(117.0, 63.4) -> (435.6, 28.5)
	(522.0, 312.4) -> (380.9, 137.1)
	(32.4, 180.8) -> (350.1, 161.2)
	(393.9, 259.7) -> (75.9, 364.6)
	(129.5, 29.2) -> (435.6, 28.5)
	(399.7, 486.9) -> (245.9, 158.0)
	(241.1, 457.7) -> (365.2, 268.9)
	(519.6, 257.6) -> (257.3, 404.9)
	(413.6, 289.2) -> (75.9, 364.6)
	(36.3, 357.5) -> (301.9, 161.7)
	(26.5, 489.1) -> (322.7, 54.8)


image 13 -> 14
	(301.9, 161.7) -> (162.2, 274.1)
	(386.6, 93.5) -> (108.0, 408.5)
	(312.8, 295.5) -> (313.5, 286.0)
	(73.2, 430.7) -> (233.0, 322.8)
	(245.9, 158.0) -> (313.5, 286.0)
	(350.6, 163.5) -> (45.1, 368.7)
	(391.1, 81.1) -> (248.0, 300.0)
	(433.4, 17.4) -> (283.4, 387.0)
	(192.0, 257.9) -> (233.0, 322.8)
	(322.7, 54.8) -> (129.0, 408.2)
	(330.4, 148.9) -> (108.0, 408.5)


image 14 -> 15
	(248.0, 300.0) -> (519.4, 294.8)
	(287.1, 284.2) -> (114.1, 398.4)
	(239.0, 328.0) -> (493.2, 328.4)
	(233.0, 322.8) -> (114.1, 398.4)
	(232.3, 306.3) -> (501.8, 302.6)
	(129.0, 408.2) -> (390.5, 403.9)
	(313.5, 286.0) -> (427.3, 270.4)
	(153.3, 405.2) -> (413.5, 400.8)
	(108.0, 408.5) -> (368.9, 403.6)
	(225.5, 331.1) -> (493.2, 328.4)


image 15 -> 16
	(114.1, 398.4) -> (452.3, 386.5)
	(368.9, 403.6) -> (495.1, 689.7)


